%YAML:1.0
---
K: !!opencv-matrix
   rows: 3
   cols: 3
   dt: d
   data: [ 6.2571733996325850e+02, 0., 5.8822178390688737e+02, 0.,
       6.2420146923961067e+02, 5.1077236373096650e+02, 0., 0., 1. ]
D: !!opencv-matrix
   rows: 1
   cols: 4
   dt: d
   data: [ 4.9834284065227108e-02, -1.9703832483667474e-01,
       3.0947902910917024e-01, -1.7001376707207180e-01 ]
shape: !!opencv-matrix
   rows: 2
   cols: 1
   dt: d
   data: [2592., 1944. ]
