%YAML:1.0
---
K: !!opencv-matrix
   rows: 3
   cols: 3
   dt: d
   data: [ 5.4700466563009445e+02, 0., 3.2406843162582663e+02, 0.,
       5.4732263068073883e+02, 2.4387620899291426e+02, 0., 0., 1. ]
D: !!opencv-matrix
   rows: 1
   cols: 4
   dt: d
   data: [ -1.0442621080088942e-01, 1.3686751479991524e-01,
       1.5135935840111202e-03, -5.1990751793513207e-04 ]
