%YAML:1.0
---
K: !!opencv-matrix
   rows: 3
   cols: 3
   dt: d
   data: [ 8.1944511410219081e+02, 0., 3.3032771696808953e+02, 0.,
       8.1565890141655336e+02, 2.5708088630670210e+02, 0., 0., 1. ]
D: !!opencv-matrix
   rows: 1
   cols: 5
   dt: d
   data: [ -1.2738054511059933e-02, -2.7704322626704678e-02,
       1.2813147452801774e-02, -2.5668749953321295e-03,
       -4.0147441745087764e-01 ]
