%YAML:1.0
---
K: !!opencv-matrix
   rows: 3
   cols: 3
   dt: d
   data: [ 6.2870523960728144e+02, 0., 3.2796457464478135e+02, 0.,
       6.6124333037692861e+02, 2.2760506621141568e+02, 0., 0., 1. ]
D: !!opencv-matrix
   rows: 1
   cols: 5
   dt: d
   data: [ 1.5148246741996729e-01, -8.7405436291090122e-01,
       3.6814065635859330e-03, 2.7743080330639765e-03,
       1.7390291208835016e+00 ]
