%YAML:1.0
---
K: !!opencv-matrix
   rows: 3
   cols: 3
   dt: d
   data: [ 6.4603706085493081e+02, 0., 5.9133847946473622e+02, 0.,
       6.4769889349287280e+02, 4.9009178346034332e+02, 0., 0., 1. ]
D: !!opencv-matrix
   rows: 1
   cols: 4
   dt: d
   data: [ -5.0549140407333661e-03, -2.4842719783131604e-02,
       5.1720237886358780e-02, -2.3866705123954744e-02 ]
shape: !!opencv-matrix
   rows: 2
   cols: 1
   dt: d
   data: [ 1280., 960. ]
