%YAML:1.0
---
K: !!opencv-matrix
   rows: 3
   cols: 3
   dt: d
   data: [ 1.2868290051513713e+03, 0., 1.2203228812085333e+03, 0.,
       1.2884863333074086e+03, 9.9136511487986434e+02, 0., 0., 1. ]
D: !!opencv-matrix
   rows: 1
   cols: 4
   dt: d
   data: [ -2.2127395898877682e-02, -2.3980735053011418e-03,
       -1.2185474576011809e-03, 1.3894478909194079e-03 ]
shape: !!opencv-matrix
   rows: 2
   cols: 1
   dt: d
   data: [ 2592., 1944. ]

